====== H (10) into Gold+Cr+Si                   =======
        SRIM-2013.00
=======================================
    Energy transferred to RECOILS      
 See SRIM Outputs\TDATA.txt for calc. details 
=======================================
 See file: SRIM Outputs\TDATA.txt for data about the calculation
 Ion    =  H   Energy = 10 keV
============= TARGET MATERIAL ======================================
Layer  1 : Gold
Layer Width = 10000.E-01 AAA ;
  Layer # 1- Density = 5.903E22 atoms/cm3 = 19.31 g/cm3
  Layer # 1- Au = 100  Atomic Percent = 100  Mass Percent
Layer  2 : Cr
Layer Width = 50000.E-03 AAA ;
  Layer # 2- Density = 8.338E22 atoms/cm3 = 7.2 g/cm3
  Layer # 2- Cr = 100  Atomic Percent = 100  Mass Percent
Layer  3 : Si
Layer Width = 50000.E+02 AAA ;
  Layer # 3- Density = 4.976E22 atoms/cm3 = 2.321 g/cm3
  Layer # 3- Si = 100  Atomic Percent = 100  Mass Percent
====================================================================
 Total Ions calculated =100000.00
===========================================================
  Table Energy Units are  >>>>  eV /(Angstrom-Ion)  <<<<  
===========================================================
   DEPTH       ENERGY      Energy       Energy       Energy       
   DEPTH        from       Absorbed     Absorbed     Absorbed     
   (Ang.)       IONS       by  Au       by  Cr       by  Si       
----------   ------------  -----------  -----------  -----------  
200100.E-04  1144.68E-04  1173.69E-04  0000.00E+00  0000.00E+00  
400100.E-04  1218.69E-04  1248.19E-04  0000.00E+00  0000.00E+00  
600100.E-04  1253.20E-04  1291.78E-04  0000.00E+00  0000.00E+00  
800100.E-04  1298.61E-04  1348.78E-04  0000.00E+00  0000.00E+00  
100010.E-03  1339.38E-04  1402.04E-04  0000.00E+00  0000.00E+00  
120010.E-03  1387.64E-04  1464.08E-04  0000.00E+00  0000.00E+00  
140010.E-03  1449.49E-04  1542.58E-04  0000.00E+00  0000.00E+00  
160010.E-03  1482.73E-04  1593.39E-04  0000.00E+00  0000.00E+00  
180010.E-03  1550.07E-04  1648.75E-04  0000.00E+00  0000.00E+00  
200010.E-03  1604.13E-04  1696.94E-04  0000.00E+00  0000.00E+00  
220010.E-03  1638.24E-04  1737.58E-04  0000.00E+00  0000.00E+00  
240010.E-03  1621.75E-04  1726.47E-04  0000.00E+00  0000.00E+00  
260010.E-03  1623.14E-04  1729.68E-04  0000.00E+00  0000.00E+00  
280010.E-03  1624.73E-04  1733.00E-04  0000.00E+00  0000.00E+00  
300010.E-03  1610.52E-04  1718.46E-04  0000.00E+00  0000.00E+00  
320010.E-03  1567.56E-04  1673.82E-04  0000.00E+00  0000.00E+00  
340010.E-03  1512.17E-04  1615.62E-04  0000.00E+00  0000.00E+00  
360010.E-03  1458.01E-04  1559.70E-04  0000.00E+00  0000.00E+00  
380010.E-03  1409.51E-04  1510.46E-04  0000.00E+00  0000.00E+00  
400010.E-03  1345.43E-04  1442.33E-04  0000.00E+00  0000.00E+00  
420010.E-03  1277.95E-04  1371.38E-04  0000.00E+00  0000.00E+00  
440010.E-03  1208.79E-04  1297.46E-04  0000.00E+00  0000.00E+00  
460010.E-03  1118.04E-04  1202.13E-04  0000.00E+00  0000.00E+00  
480010.E-03  1037.11E-04  1116.34E-04  0000.00E+00  0000.00E+00  
500010.E-03  9607.50E-05  1036.88E-04  0000.00E+00  0000.00E+00  
520010.E-03  8838.00E-05  9536.85E-05  0000.00E+00  0000.00E+00  
540010.E-03  8136.92E-05  8790.47E-05  0000.00E+00  0000.00E+00  
560010.E-03  7351.91E-05  7951.61E-05  0000.00E+00  0000.00E+00  
580010.E-03  6818.47E-05  7368.07E-05  0000.00E+00  0000.00E+00  
600010.E-03  6207.45E-05  6733.35E-05  0000.00E+00  0000.00E+00  
620010.E-03  5790.46E-05  6280.96E-05  0000.00E+00  0000.00E+00  
640010.E-03  5173.86E-05  5606.91E-05  0000.00E+00  0000.00E+00  
660010.E-03  4664.40E-05  5063.10E-05  0000.00E+00  0000.00E+00  
680010.E-03  4038.72E-05  4391.37E-05  0000.00E+00  0000.00E+00  
700010.E-03  3697.07E-05  4010.27E-05  0000.00E+00  0000.00E+00  
720010.E-03  3254.92E-05  3554.77E-05  0000.00E+00  0000.00E+00  
740010.E-03  2890.40E-05  3144.95E-05  0000.00E+00  0000.00E+00  
760010.E-03  2487.21E-05  2709.51E-05  0000.00E+00  0000.00E+00  
780010.E-03  2145.85E-05  2342.20E-05  0000.00E+00  0000.00E+00  
800010.E-03  1834.14E-05  2013.69E-05  0000.00E+00  0000.00E+00  
820010.E-03  1547.28E-05  1701.18E-05  0000.00E+00  0000.00E+00  
840010.E-03  1401.34E-05  1527.49E-05  0000.00E+00  0000.00E+00  
860010.E-03  1255.81E-05  1370.56E-05  0000.00E+00  0000.00E+00  
880010.E-03  1067.12E-05  1171.07E-05  0000.00E+00  0000.00E+00  
900010.E-03  8999.75E-06  9908.75E-06  0000.00E+00  0000.00E+00  
920010.E-03  7778.70E-06  8491.20E-06  0000.00E+00  0000.00E+00  
940010.E-03  6710.09E-06  7368.59E-06  0000.00E+00  0000.00E+00  
960010.E-03  5938.78E-06  6559.78E-06  0000.00E+00  0000.00E+00  
980010.E-03  4975.91E-06  5524.91E-06  0000.00E+00  0000.00E+00  
100001.E-02  4342.95E-06  4308.30E-06  5446.56E-07  0000.00E+00  
102001.E-02  1420.10E-05  2367.66E-08  1484.78E-05  0000.00E+00  
104001.E-02  1270.72E-05  0000.00E+00  1356.52E-05  0000.00E+00  
106001.E-02  1084.31E-05  0000.00E+00  5845.29E-06  5639.29E-06  
108001.E-02  1006.88E-05  0000.00E+00  0000.00E+00  1044.68E-05  
110001.E-02  8752.67E-06  0000.00E+00  0000.00E+00  9155.67E-06  
112001.E-02  7875.66E-06  0000.00E+00  0000.00E+00  8306.66E-06  
114001.E-02  7789.30E-06  0000.00E+00  0000.00E+00  8221.30E-06  
116001.E-02  7403.66E-06  0000.00E+00  0000.00E+00  7831.66E-06  
118001.E-02  7347.35E-06  0000.00E+00  0000.00E+00  7762.35E-06  
120001.E-02  6789.97E-06  0000.00E+00  0000.00E+00  7212.97E-06  
122001.E-02  6297.39E-06  0000.00E+00  0000.00E+00  6677.39E-06  
124001.E-02  5948.52E-06  0000.00E+00  0000.00E+00  6292.52E-06  
126001.E-02  5411.98E-06  0000.00E+00  0000.00E+00  5753.98E-06  
128001.E-02  4919.21E-06  0000.00E+00  0000.00E+00  5205.21E-06  
130001.E-02  4634.20E-06  0000.00E+00  0000.00E+00  4940.20E-06  
132001.E-02  4588.78E-06  0000.00E+00  0000.00E+00  4852.78E-06  
134001.E-02  3902.97E-06  0000.00E+00  0000.00E+00  4173.97E-06  
136001.E-02  3266.78E-06  0000.00E+00  0000.00E+00  3503.78E-06  
138001.E-02  3286.55E-06  0000.00E+00  0000.00E+00  3482.55E-06  
140001.E-02  3225.70E-06  0000.00E+00  0000.00E+00  3441.70E-06  
142001.E-02  2465.48E-06  0000.00E+00  0000.00E+00  2644.48E-06  
144001.E-02  2499.78E-06  0000.00E+00  0000.00E+00  2647.78E-06  
146001.E-02  2256.91E-06  0000.00E+00  0000.00E+00  2422.91E-06  
148001.E-02  2122.11E-06  0000.00E+00  0000.00E+00  2249.11E-06  
150001.E-02  2167.18E-06  0000.00E+00  0000.00E+00  2308.18E-06  
152001.E-02  1809.72E-06  0000.00E+00  0000.00E+00  1939.72E-06  
154001.E-02  1763.35E-06  0000.00E+00  0000.00E+00  1890.35E-06  
156001.E-02  1637.18E-06  0000.00E+00  0000.00E+00  1740.18E-06  
158001.E-02  1412.59E-06  0000.00E+00  0000.00E+00  1513.59E-06  
160001.E-02  1413.88E-06  0000.00E+00  0000.00E+00  1510.88E-06  
162001.E-02  1242.05E-06  0000.00E+00  0000.00E+00  1318.05E-06  
164001.E-02  1164.10E-06  0000.00E+00  0000.00E+00  1260.10E-06  
166001.E-02  9719.02E-07  0000.00E+00  0000.00E+00  1025.90E-06  
168001.E-02  8779.03E-07  0000.00E+00  0000.00E+00  9359.03E-07  
170001.E-02  6822.07E-07  0000.00E+00  0000.00E+00  7482.07E-07  
172001.E-02  5692.59E-07  0000.00E+00  0000.00E+00  6262.59E-07  
174001.E-02  6201.93E-07  0000.00E+00  0000.00E+00  6551.93E-07  
176001.E-02  4990.63E-07  0000.00E+00  0000.00E+00  5320.63E-07  
178001.E-02  4935.79E-07  0000.00E+00  0000.00E+00  5315.79E-07  
180001.E-02  5122.91E-07  0000.00E+00  0000.00E+00  5532.91E-07  
182001.E-02  5160.16E-07  0000.00E+00  0000.00E+00  5460.16E-07  
184001.E-02  5111.57E-07  0000.00E+00  0000.00E+00  5391.57E-07  
186001.E-02  4128.55E-07  0000.00E+00  0000.00E+00  4468.55E-07  
188001.E-02  3440.68E-07  0000.00E+00  0000.00E+00  3690.68E-07  
190001.E-02  2729.92E-07  0000.00E+00  0000.00E+00  2959.92E-07  
192001.E-02  2551.31E-07  0000.00E+00  0000.00E+00  2721.31E-07  
194001.E-02  2347.94E-07  0000.00E+00  0000.00E+00  2507.94E-07  
196001.E-02  2536.34E-07  0000.00E+00  0000.00E+00  2726.34E-07  
198001.E-02  2083.67E-07  0000.00E+00  0000.00E+00  2223.67E-07  
200001.E-02  1909.87E-07  0000.00E+00  0000.00E+00  2089.87E-07  
