      Depth/ang           n_eff           k_eff
20.0100000000000  0.99995276655514  0.00000486931781
40.0100000000000  0.99995276655514  0.00000486931781
60.0100000000000  0.99995276655514  0.00000486931781
80.0100000000000  0.99995276655514  0.00000486931781
100.0100000000000  0.99995276655514  0.00000486931781
120.0100000000000  0.99995276655514  0.00000486931781
140.0100000000000  0.99995276655514  0.00000486931781
160.0100000000000  0.99995276655514  0.00000486931781
180.0100000000000  0.99995276655514  0.00000486931781
200.0100000000000  0.99995276655514  0.00000486931781
220.0100000000000  0.99995276655514  0.00000486931781
240.0100000000000  0.99995276655514  0.00000486931781
260.0100000000000  0.99995276655514  0.00000486931781
280.0100000000000  0.99995276655514  0.00000486931781
300.0100000000000  0.99995276655514  0.00000486931781
320.0100000000000  0.99995276655514  0.00000486931781
340.0100000000000  0.99995276655514  0.00000486931781
360.0100000000000  0.99995276655514  0.00000486931781
380.0100000000000  0.99995276655514  0.00000486931781
400.0100000000000  0.99995276655514  0.00000486931781
420.0100000000000  0.99995276655514  0.00000486931781
440.0100000000000  0.99995276655514  0.00000486931781
460.0100000000000  0.99995276655514  0.00000486931781
480.0100000000000  0.99995276655514  0.00000486931781
500.0100000000000  0.99995276655514  0.00000486931781
520.0100000000000  0.99995276655514  0.00000486931781
540.0100000000000  0.99995276655514  0.00000486931781
560.0100000000000  0.99995276655514  0.00000486931781
580.0100000000000  0.99995276655514  0.00000486931781
600.0100000000000  0.99995276655514  0.00000486931781
620.0100000000000  0.99995276655514  0.00000486931781
640.0100000000000  0.99995276655514  0.00000486931781
660.0100000000000  0.99995276655514  0.00000486931781
680.0100000000000  0.99995276655514  0.00000486931781
700.0100000000000  0.99995276655514  0.00000486931781
720.0100000000000  0.99995276655514  0.00000486931781
740.0100000000000  0.99995276655514  0.00000486931781
760.0100000000000  0.99995276655514  0.00000486931781
780.0100000000000  0.99995276655514  0.00000486931781
800.0100000000000  0.99995276655514  0.00000486931781
820.0100000000000  0.99995276655514  0.00000486931781
840.0100000000000  0.99995276655514  0.00000486931781
860.0100000000000  0.99995276655514  0.00000486931781
880.0100000000000  0.99995276655514  0.00000486931781
900.0100000000000  0.99995276655514  0.00000486931781
920.0100000000000  0.99995276655514  0.00000486931781
940.0100000000000  0.99995276655514  0.00000486931781
960.0100000000000  0.99995276655514  0.00000486931781
980.0100000000000  0.99995276655514  0.00000486931781
1000.0100000000000  0.99997879875300  0.00000217260770
1020.0100000000000  0.99997879875300  0.00000217260770
1040.0100000000000  0.99997879875300  0.00000217260770
1060.0100000000000  0.99999240757758  0.00000017345617
1080.0100000000000  0.99999240757758  0.00000017345617
1100.0100000000000  0.99999240757758  0.00000017345617
1120.0100000000000  0.99999240757758  0.00000017345617
1140.0100000000000  0.99999240757758  0.00000017345617
1160.0100000000000  0.99999240757758  0.00000017345617
1180.0100000000000  0.99999240757758  0.00000017345617
1200.0100000000000  0.99999240757758  0.00000017345617
1220.0100000000000  0.99999240757758  0.00000017345617
1240.0100000000000  0.99999240757758  0.00000017345617
1260.0100000000000  0.99999240757758  0.00000017345617
1280.0100000000000  0.99999240757758  0.00000017345617
1300.0100000000000  0.99999240757758  0.00000017345617
1320.0100000000000  0.99999240757758  0.00000017345617
1340.0100000000000  0.99999240757758  0.00000017345617
1360.0100000000000  0.99999240757758  0.00000017345617
1380.0100000000000  0.99999240757758  0.00000017345617
1400.0100000000000  0.99999240757758  0.00000017345617
1420.0100000000000  0.99999240757758  0.00000017345617
1440.0100000000000  0.99999240757758  0.00000017345617
1460.0100000000000  0.99999240757758  0.00000017345617
1480.0100000000000  0.99999240757758  0.00000017345617
1500.0100000000000  0.99999240757758  0.00000017345617
1520.0100000000000  0.99999240757758  0.00000017345617
1540.0100000000000  0.99999240757758  0.00000017345617
1560.0100000000000  0.99999240757758  0.00000017345617
1580.0100000000000  0.99999240757758  0.00000017345617
1600.0100000000000  0.99999240757758  0.00000017345617
1620.0100000000000  0.99999240757758  0.00000017345617
1640.0100000000000  0.99999240757758  0.00000017345617
1660.0100000000000  0.99999240757758  0.00000017345617
1680.0100000000000  0.99999240757758  0.00000017345617
1700.0100000000000  0.99999240757758  0.00000017345617
1720.0100000000000  0.99999240757758  0.00000017345617
1740.0100000000000  0.99999240757758  0.00000017345617
1760.0100000000000  0.99999240757758  0.00000017345617
1780.0100000000000  0.99999240757758  0.00000017345617
1800.0100000000000  0.99999240757758  0.00000017345617
1820.0100000000000  0.99999240757758  0.00000017345617
1840.0100000000000  0.99999240757758  0.00000017345617
1860.0100000000000  0.99999240757758  0.00000017345617
1880.0100000000000  0.99999240757758  0.00000017345617
1900.0100000000000  0.99999240757758  0.00000017345617
1920.0100000000000  0.99999240757758  0.00000017345617
1940.0100000000000  0.99999240757758  0.00000017345617
1960.0100000000000  0.99999240757758  0.00000017345617
1980.0100000000000  0.99999240757758  0.00000017345617
2000.0100000000000  0.99999240757758  0.00000017345617
